

 Cumulative Diff:	1.387012978802997
stddev:	6.191736422399999
lookback:	18
bitchCunt:	0.41018627024600174

